sequence
MTPQQRKRCEAFRSIFENDSLLAYQSYVEDVLRARGATQSKKTFTTADGEVLGVVQPFNKRLPFNILKKGLPALQREAREVSNDDSHADGFPQAWKRSCADLLFIKVQEEVSEEIPRKRAGDSVPLVVARARTALYDCIIEHKGQDDGDAMPSIVARTQAQKKGGVKTSELEQYWIRAGTDMRGEAFDNLRDELNKAHYKGWHD
MGIMSMIGKQMQNIKIPLKSPTYVPLTEQVPRPVPETSTTERLERFHEVPKMQSDPFSGFGFWGAMVDRMQSYQDLIKKEAIRNKIDENLVYSIFATLSGGKPGAVSPAGAGGLMQLMDETATNQGVSNPGDKGQNIAGGAKYIGQMLQKYNGNTDLALAAYGAGTGIVDKYAGVPPFPETQKYIVRVNDYLRLHEKCA
MRISDAFTQTLQRYQEFEAHMRALAGGSLQLLQNITAFLAPIGFPVGVTPVPGRQIQPQVRATEPLYAQIAARYNLDPNLVLRVIEAERLGDPHAVSPKGAMGLMQLMGRTARAPGGSGPFRPEQNIEGALQYLSQLIQRFKDVALALAAYNAGATNVQRLSGVPRFAET
GDEVSLQQTWQLVKNIFLKNEITFWRKILEMVGAIALERVMSETTILSSGVCKIRWGHGENTAESAIKFYFGKDAKELTSAESAMLLGLIKAPEHRSPYRDRSSGKDKQARTLKRMRKFGRLDINQALPTSLQPLIVRPLRPETERFLYDASSPSDLFQDDLGPPKRSAACYFVVPNLSLAPLVIDNIENHYKHVPTQIYR
SLVLAGSTGRWKVREGRRVRALREQLPFIFRLQAGKLLALAVATTILVNVFGLLGYERVAVAGAAALHVQRPWQSEVLVFASRVSRARGVRRSTAAEFASWAGEAVEAEQLELDLLALLGRTESTWRKEASSPVGTAGPAQVRPGFWSTLCGSSNALDEAETIDCGAKVLAHARARCGYEIETLKAYNIGPYSARVQAAERYVAKYDWIRSRLRGLAL
MPLLVKHIQIPVLDKVLFLLLGLFVALMVANQKSPLESVLGPNLDIFQKIVRVINAKELLGASYKKVVGTVTALDSHGTLHTTVATAFRGSGKASSPKAAQTIIEESYRYGFDPEKLVAVIDGESTFNPRIVGRHGEIGLTGIKQREKAWIAKQLIKAFFGRSSIFDPVTNSLIIAAYLNLLRKKFKSRGALYYAAYNMGPDNYHRAFSNNIIPKDEVRHVSKRYLGIQKKLVAKKFKIEAQAKSG
MRRSSSCRTAAEFISAFHKTLNNEGGRKLHRVKDDAGGWTFAGITYNIHKQWPGAKAVFKVDRRRIVPALEADFYRAEFWNVDSGDKRAIIRKADEMYDFAVNAGSSTMAAFALKCAGVKKAGRIRLASLAAYNTMNFRAFLALRKLLRVEHRLKTAERASSQKKFVFGWNRREGQGMKYQFPQEH
SARYFGFHESELTESECAAIAGMTQNPSKYNPIRHPEDNVKSREGILTQLKEAGFITKESYDEAKADTDAVYNRIGLYAIDYQEANATTGLYSSDEVYEALAVDLILLGSNETDAVTLLTSGGANVESTNDPGIQNILNEEYADESNYPEIVKWRANNAATILSPDGTRNLFTKEEMLAWFKQNQNSKLPLDFSSQDTAYADVHTLRSALLAQLGVVDNAKNYLETIIMTS
MTKSTHRAAQHHSARFTRSRRIVAIALGLTLVLSACSARLAASPDAPASGAASAPSAPRAAAAMAKWAADASGGGLTETTALDLYAWAALVMGKNAPRCQVGWATLMVSGRILSDDVDARDHSLDDPVGVRPSFREAAKPMAKDADGGFIDGDASADLGGGTGLEAPTVWVQWAITARSRTSTPPNPDNLDDAARLRPDLDSGWGADMSTVEGWQKAVASLNPRPRFGEAVNFQALSFTD
MSPITSALLRNVLARLAPGLSAGELRAAAMPGDVRLDLVLDHSVILDLARARAYTGADCYGVATSSLPLPRVPLAKADDDQLLAGAFDGPFPTRALRDPAARAARIDRILGTVLAREREEPVEAELLAALAPAEIGFGSFCL
MPTDLDPRHAARIVRSVPLLAALALFLGGWVVAAAAASEGVVAGQVLAAFLPEREGEPQAASLALLRDSAVREWQERQIQWSARFGLDPALVATVMQIESRSDSIGGSHSGAMGLAQVMPFHFLGGEGGFDPPVLATRGVFALKLGLGRGGDRPELALAGYNGLDSRIGQAELLAGAEAVAYVYWGTAIYEDAAAGRMVSYRLQEWRQAGGQRACAQRAARLGLAV
MLAERPYDASTTPKVALLLALLLAYAALCFLGDGSRRPLPLPQSPFSLSLRAALEPLIQGAARFARALGGVFTEDTGRQSFDGIIEDAAARHGLPPALLRALAQAESGYDPYAVSAGGAQGLMQLMPETAREDGVTDPFDPAQNLTAFTRYLKMLLDAYGGDVQLGLEAYNRGMQNLERDLRGGADELRLYIARIERLLGLNLGPQQSQ
MARSVMRTYWILLAGIHVYSAAEDPPPAYGAGAINHEVGAVVRYSVALQESGTKPTLYIVVWPWQLNVAGTGYRVASRVDACRAPNIAPGTVGIGRVFVGLGQTNTHAAGHRYSEPCAGADPYKNLLVAANGFAEHAAIGNNWFDAAGRYNRVATTAPTLKYRALIAKHVSRVLGINFKVENQ
MTPSSPSSGTINFFGLGGNRVSAHDAYELVASFLGNYSHPPTDRGGEAYQEIARRYAKGWTHWPIIRRTKRQHGTPRTNAWDEKEAPELDGLIENFYHQWVRDKLADR
MQSIDFGRAIRFVLRWEGGYVNHPSDTTTAGNEAITQVTYNQWGDQKGLPTVEVRRLEEDLVRFLYWQTYWAQVYGRTAFAWGQFRVGLFDTFVQFDVFGMTFLWQSVCGVPAVNQDTPVKSRDTENLGKTKYPLWSGMILAGERVRKEAQKASLNTSQLARLKRFLNRDSDLLDYLENLR
LPVVSLSGCANATKVEDLPAEQPPMLWRQHPEAIEWIESWYVTYSTQYEQLSLPVPADISTWSVLEEDAPIESGRAFWAPLISTVTKQESTSMEDASGGSGYDIGAMQDAAQTAGYFGCDANRSGRLRQRSALLPKNCAPGRSETAASVYPVKRCAFGQALTLAT
MNVNDSDWVCIAEHASNFGTHGYVYSGPSGYNYYGAFQINDCMCRERAYCPMECSDMSGVEELEATVNCSVHIESTDEEDSVSVWEVKCQNYERNHRLPKE
MDYFLPPLPPSIERCIATSSNAGNVHADLIFAYITTEGTTVGLKSKNKRALYDLSRIQIRSIRLPSLVQTGINSKQVVQNVCVNIARITWVLAKSFGGPSNAYPYWQGACNYFSKTPYFNATYRNKVWRNLLDIRQGHSQRISLTLVKE
MNSNEQLVYCRQKTDGADVSSIAQVMGVQTGESAFQSLVEFAYLTTDNSALREQFSAFSGQGDAYINQCKFVDNTFFNCVIGGQGGNSTSEGQRIRARVFNFITFDEWKESIQSGISIQYDAAVDLDNNPSLLFRPDIANVAWSYGFRLGSGINDFVSAIQDAYRQNAQQRNSFAVYAASANNSHGGGIPRKAAAVLAILDAIIDGAFDRKCDGTALGASGLLLSFPIVTLLTLGLFYLYKKFKK
ANDMDRAKFFAAVRNSLFRGALTKNRVNGIYAGLDALLTRTMQDLEWAAYMLAQAYHEEAQTMQPVREIRAVTDKQAFAILDRAWDKGTMPAVKSPTYRGGADGYSSLGRGYFQITHAQDYRTLGNATAVDAVANPGVAMVEDIALKVMSIGSSNILKTGKALAYAFTGTKTQWVNARRIITINEAASVVAGYGKNFHVAIVGAI
MEITVQILAWCLPQEKRDYLEMFCNGINETIEALETNEPNRMTMFFLQSAHEIGILFKERENLHYKIKALMAFWVKRFQGVAEQYQMNLEKIANLAYINVMPNGLEWSGEGDAYYGRYLPYLRGKDPYRFCGGRLGIDLLSDPLGVSHNPVAVLSAGWGWYTRAFNAISDTGFVEHVFRLFDGGSISLATREALFNVIVQVLQSV
MVFWFYLSRAPKLVDEKLTATVASILYDINNEIFEDLRPVKRELIQPNDVPQLLLDAIISVEDRRFYKPIGIDIIIIRNSANSNVKNGGNQGRSTLLQRLIKTKGFSTNE
MSSAAVDEPATGEVIVVRMSRSARAASSSSSSGLHSVSIFIYCPVRLVGTTMYFGRVLLFVFALLVFLQVSAKKLDSRNLLSRELLINVLNSDGFLGYWVCTAEKVSTIDTGALHIKPSGKGYYEIFQIITPLCKEGRVGTECEVACNSLLDSDIRRDVKSAVKIFYREIFKGWTFNTARCINDNFITLLIRKNPDLSISPRSSPERELLSQAISARARRNLRQRRSLLSYT
MPLQGHLREHLKQLAAVAAAVGAWDEYNFINDAAEYQPLRLDTAGGKLQAMKEGAAALSGAGVALGGPLAWGLCYNLEMSEDQGYCLDYYKLTYTCTPEVYYYAVFSPTHAVHPPLWRSKRSPVQSTF
VNYLGFLKTLLDMQAVRNFTDISVNPVQNTGTVSGEELISLSLIASDFAGEIVAFTANSLGVVRNFNHLLQDFISPVNHDGITELIDILINKIISGQTKPLASNIEAIIEKLADKFNLPAILIKELVWHESKFNPSVVSQAGATALMQLMPRTIDYLGITNINDSEQNVMNGSKYLAKMLDQQLSDLKKILAAYNAGIGNLDKYGGIPPFKETQGYLQKVTSNVYR
TYEPPVIEPPSSARQYKPPVQSINIPAPTNVKRTELAKTIASKFRVNQELVMKVNSEAYRYEDQTFPKAETILAIVGQGSIAGPKSGYNNQSFQALALAQIRLGRWNEDPQSLDEVEMQIKYAVDILRQNYKKLGNKEDAITAYNQGLTRFRSGGRNLRLEQRTQREDALNN
YFVLTHYRLYQILYTVQKCQKLFGVATSLGKTCTEIRKEGIKGETTELKSVGNIEIRKKTIRMNVFAVLAFALCCVTAPALAKNFTACSLAVTSYLHGIPDSSYPDWVCETAKEAGFRTDNTVKLNSNGDRMYPLFQYNNQYFSQGNLKSYTECHIAQTSLLSDDYENALNCTKKIDAQCLNGASYGWLNYCQCSKPSVPTRF
MTIVIVPGLIIFVSFLSSTPDHSSQKLAEVFKDNVNLSDFENYYTSFGSDSQIVDYSVIKSYINDRTRFIKDQDITVILAYLASFGNEIGIDPKITMAAVARVSSINKEVVSETGAKGLLNIKDVLFKALDVANFFDKVEQRKGTTQYLTFLRDKWKYKTQFETQVSANNGYKVLSERELDKMSLIVYFKGFDNVIKDNGTPDLYTTGYVRDILLYYEELKLSAQKFYK
MYVHTASSRRSADQLVQYRGANSFSNFDKSEKEWQKQRFLNTGTSEDKWRELANFLANAALETGNFQYIETCSKNAYAQPNQLRPVKPGRRYLGRASLQLTWNYNADSFSETHAGDKHKLLDLPYKVADSISDGFNSAIWFDMTQPRSSLSLRRYIYQKACAQKKWGQRRTIAEIVGAAEGEKSNDEVSRVRLRIQFYRNASDTLKVTEGQNGTQLDKKAMKS
MIGLFIFTFFVVLAFSSSCYYLNRNADGIRLEEVWSKIFREGPKHGLNPSYFYEIPDAESKLLINAESSVA
MTTVFDDSDRVSSIVGGLLIGLVLGLVWDALGKQEKIAARISVPPAQYDSFDNIRTRESGWNTFAIGPASNAYGLGQALPPQTMGYHTPDWLVNPVTGIRYATDYMDQRVGSPNGAWAFWQRHPWT
MVTSFFQNLILRQEAAGGGSTITQLLAKILYKQPDNLGKSKLIKGVTLINSKKKRWVTAVKLEKSYIKEEVMTMYLNKFEFVNGAHTIRTAAQLYFNKNQDGLNVNEAAVGIGVVGNPSLYNNKYFLLNVLIDEM
MLAASDWSEEDFRIQANSQRGDFILMQMQPGTADYYKIENLSFPKENQNAGLSYISRLSSKFSDSGANDNDLIKFTLAAYNAGEAGIYRCLKLARAQTIDTKTLETLCTVLPQLSQTSILLVEDQRSGGVKQKGTVQYVKAVLNQYDIFNGTQPRYKVQPTDTSLVMIELAIDPAFILLSPGLLTRYDEGDESPRVQIEGHDAQPGCHIYGKHKR
MSDVNNVMNSYLYSTSSSSTGNSGLSSAVQSGLTEGTKVDNSNGFNTEMQSNLLVSMFSAMMKDSGDFSKIMTSLIQAVASNGTLDVSKVGGNNTNAVVKGLSINVQDAVASSMTSSSNMTYDQAIQKASAVYGVDPDFLSALAKGESSFNPNAVSSAGCVTLLQLQPTNEQGQALANPSDIEQNVDLGYKFMQYVLDGNGQNIQLAIALYNAGPSEVDRSPVKNTGDYSRLPKETQKYGPKVMSYYNQYKTGTIV
MKLQSLCAMNQASANSLLVDSQLNKKLFEIMLLSIMLAAAILNSVLSYGTLTKANILSINRSVPASRTSLEQTAQAENAILPVCVKAWSDTAVPQVYLPSDKRYLALINVAAGKYKINLALLKGLLKAENGFDGAAGSRAGALGLTQILSSTFASLGVNQLKPEEQIEGGIYSLSQMLNRSNGDQALAFAAYNSGGGNVDKYGGPIGFRPTIHYVKAVTQNRDNYQSDFGNPVT
MENVSRRGAPELAIILLLMFLSCSGCAGNQEPAGTPATSPASKASGAKETGGLESAAGNRVDARASPFSPPAFPPPERLDLCGESSYRKNQEAAEKFDKEFTIIVYNHADSYLYLKRMERDRPVIEARLAALGDPDDLKVVAERASDLLPYAYSPKGAYGPWQVIPVTGSQYGLYQGLSDDQRYDIEKATEAAFRQLGDLSKRFNVPTSAIACYNCGYRRV
NAFMEAEFAVLKQDADAISSFDISSDQTGDLNQCWTELQINTAARMRHFNEQIAHEEGGLRRDTELGDNSYLEYRDDLGNPYPGDLPPFKGAGRIQLTGRCNREAFSQRISDLDNMETAEYVYQSIPATSAGFWWDKYLMPRWCDSGADVENVTKRVLGGFYGTDDRAHAYIKACAVIQ
MTRRSNRMIALALAAVMALAGPGLSSAARADVLQSGSGDYSWVAGGPAGTGGDTVGAEVAAVEAPPAGGEAAQAHAASSTLALDAYGPDREPAIVAELAAKADISPTLLEAVGWQESRCNEAARGAAGILGLAQLMPGTAAQMAVQPGEPRADLKGGAQYLRAQVDTFRGDIEKAVDGYNVTPGTELKAGGIPRTRSVQRYQAEIMARLWDPVLR
LFNNYVIFFDNLIKHERGNTDDDDQPGVQWGLGHGNRGSTNLRVTAIVWAGWTVKPAPIEVMKMLAKKSHVADVQSQVLGEHALLSGAVWHGALRR
NPDYICPCHRNFTVEEVKSIVSRVSSSKSYSLFIHIVEPLDDKWLSYEKITEILATTFRKYEINTCIKKITELTSGYIPSALLTTTVEFVSGADYDLGIHTFAIKNTIITVVDGSRYKERGLMQLTWRKNKQIYFKYTRSAPEYYGGVVSRITKEERMANNKNSFHLLVANKLFLAVDSAGWYYRESSVWGSLNIPADNVNTYVINIGYKGGFNDFETRLN
MSIRLANIPKAVAGFSTNAARIAQAQLSNNQGAFNAILEKSLLKIDTLPSEGTDLSSLSDAQMDILVKLMQIQRNGQLFNIAGNSEEKNIFAGLGDTADYMGSLMTQLTEVSKNRLLGSPSDALSERLNLDSYIEKAARKYEVDPDLVRAVIKAESNFNAQALSSQGAMGIYQFMPETAEMMGYKNAYDPEEAIMGGQAYLKLMLNRYDGKRDQALAAYNWGMPNPEVNQRSLPKETANYIARIDGYYKKFKESA
VAVLAALLIPGVAHAESLADQAPALQAMVVSALGNRTEGTDIGRWGVLDRNGKTQRPLAPELPIYRQALSRMLAPLMPSPRPQSQSSGDGSTASTSQRTAAVRLTRGTNPRRGPTCTWIPESGGIWHAVNPQLGAPGPRQIEPGIWYAYVGNGRPQDDSPSMKTTVAQGIMQIYGASAWVGC
MDTAAAAINWVIAHTGGYINDPADPGGEQKYPISKRSYKDLDIALLTIEQAVAIYVRDWWDRYDYDALADAIDAAVAVQAFDLAVNKGANNAHAALDAALRELGEPVRVRGIIEVVKLAAGERADRGVLYAHLLRRAMQRYLRLVHGVTIHKTAEYNLLWTKAGDQRLIIPQDLAALKLQGGSELSFLQNPRPIDERLLAHLHAARLLVGVSPHSRGDARAL
MQLSERTAATFGLSVDQITPGLKNIEAGVQYIKSLNLLFRIIENQDERKKFASALYNAGPAHVLDAMALAIKTGGSPHILAEHVESFLSRKSDPEYYNQEVVAYKRGGSGEPARYVRNTLLTYDEAKGFG
MIRGQSGWNPKTISPKGAIGLIQLTPGTSQQLGVDGTTIEPNLDGAARYFSAQLSRFGSVELALVAYQTGPHFIENYNDNSPVREYRNYLAEINVLSGGLPKQPSGKASGSPTTHGARRSLAELLN
MATAPSLPAPWAWRARTAKGTTLKKVGKTLIGAALAGTLVTVASSGTAGADSAPDPNTAVGPTPVPFDPNLPPAPDAPAPPAPEDLPPAPEIVDFDPNLPPAPAPELVPAPAAPAGPLPPAGPNPPPQPAQEAYSVNWDIAAQCEYGGNWSINPMNGYFGFLQFTSGTWHANFGVGSFGSWSKEEQDRVALEVLQSQGIGRWLVCYQRG
MKDPQQNIELGSYYLSQLISSFKELNLKHAKYNAGGGRLNQWGNLFNSGGLAVSTENIPSKEARKYVESVLSSYWQYQAIGGLLVNHDGRLSAE
MDKPLAGLARLWFNMTTQPPKPSMHPIFVGNNRRSDGNRPADPKRAIFGPTSLAINGEGGGEELPEPGGPGEARRIKSPKSGCKGFGVFGGSERSLSSKGE
MAVADPQATTVEPSEMWRSTRETGSITWGQRWQEGEHLGKNGKAARIASEDAGVADHVGVDWEDRIRAWERGDHGQCQAQKRNERASRRNPDVLPVSALDVGASQITQHIARNLFLSGQ
MVAAAALLFVPNAEACWEQAATRYNVNPRILVAIALCESSSTDAQPNRSAIIGTGGGDSGLMQIQSSNLRGRKPYGWGEQELFDGCTTITVGAATLYQKCSQHGCTWYAVGAYNAACTQLKGGACSEYLGRYHRCVARHLARDGTVVSASEPTSEIAQ
SIKQSFEVLRPRSGRRHTMWPVPHYGSSASRLGSPQQKSGLMSAAALIDSAMMSAISSPVSAFSANDTAWYVADAEEGDDAYRGFSVALSESARHANSFARPWPGALNGPKGILYIDDVSESESILRSMTSALLQRTRIGMMAVYVGAHGSSLTDPARHVDAVVALRMGASIGRTSAASKPGLPALGIGRYNAWQEEPGVRAQGQRSLAVYDREKKLTGSGLSVSSLWND
MILTKQLLMEALVGTLAAIADKLLTPIKNTAAAYHINTPTRVAAFLDQIIAESCGLDSVREYASIADGNGRYDYGIVVKGDDVKFSGRTSIQWTEGSNAYALVKDFNVDFRGARLDLETPTYAALSAGWYWRSRCLNSMNDGNFFDRIRERINGGTNGNPDRLKRFLVAAKILGIPGGVVGKY
MELKSGSLGKNYFNKLAPVLRLNVSLKKRGKNNRNTGEGDGYRGRGRGGRGKGWKNNKKKAGDYDIIDSVDQPLSRALLDYAVPIDIWGIMKGIFAGGKLGRYIYRSHIVSKAARAVINGSISADNIAFKAKDFETILRKKAPIEEEV
MKALITATTLATLSSTTAISAELEKCFADAEHEYGIDAELLHAVFAIESRNDGSTVGHSIDGSRDIGVMQLTTWAMIRLADYAIGKLHLREPCTNVKVGAAILAGNIALYGSAWDAPGAYQQRTGDTKEASRRRDRRARLVASQLRLGSKSGGGRHASGGHR
MTDRDRFKTSIITSDLGTNRKPKQVKGIEAILAVWQADDAKLLADLLATAYYETGFTMLNAKEKGGQNRLLRDIDPHSKDVSRAALIRENGGVTPSDIVRYAGRGFVQLTWVAVYKIIGSSLGIDLIPETDLAVRADIAARALFVKMTERLTSGKALRASFTQIHTDWIEARRLISGDDRASVTAGYARQFKVALLI
MILENPDFLSLNEISGLYINSVLTANDGTFRNHDRFVYENFVNLIATNIKERRFARAGSTIAMNLVKNGFLNISKTVSRKLLEAIIEWLYSQTGMDSKDRMLSVYLLIAEWGPGIIGIGEASLRYFSKHPSELTLQQSIFLSSIIPNPKADRVIFDKKLMLREGLQYYFKFVAERGARKEVITQEELDELKFGVELRGPAILYVVEFDTIATDTVPTETEPLFFGLD
MKALYPLCALLLSVTVQGKVFDRCEIASTLKKLGRRGIKGLYGANWLSLTKWESSYNNKVTNAGSSSELTDLKIFQINSKWDCEDGKTPNAVTGCVGSCSELVANIDAILVSGAKAIVRWHGKVIVSTMTSAGRLRYIPCNCGYIILQLISSLIHLKEVIVG
MSRYVVDRSRKADRAIPEDAIILQKADSLGWDWRMIYGIILVESRFHIGASSSGGARGLMQMMPHTADNYIVTRALDPAEAISKGANLINRLLSRYSKVAASKEELFKYALAAYSAGVGRIGDIIHYAELGGVDTKSWEAWIEVIPEMNDESVLLTGRVQKWAFKGKNTINYVESQISLYLQLKRGCPEQEGRTSSDSGAEML
MIINSRRCCSQKRCNGRRNVNCDCSMKIVNDFQSELKLLILQRPLRVILLILMRSSLLALLCVPCQTGRNFWLKVVVVVMGFALLDDDISDDVADVKIIYAQSGGFAAWAGWVSSCQGGLLNLSGE
PTADEFVLGILAREGRYKNHPPDPGGATNWGITQRVIRANLIIGDTRTLPKATKRAIYLDFYIEKPGFLPIALILLLYPEEVGDSGSSAGFEGAGKWFQQALNVLFQRGQVYADDGKDGKVGKQIIAAFQKLRRKRGGQGARGPALRNLAGRDFALYFTLAKKGTLFGPFMVGFGDFFVGAIG
MHSGGSTASQSTVRAHLTTLNGLKTCYEQVATTLCGAATGIGGLASSSSNGGDSLAAAEYGANGRAVGILRCDLTGSTLTCKECQARTCCHVEETAGYNLIEAISAVSARHPSASLEGYLQGGVAPYNFGVGNVQSWYGSDIGSTSNDYSNDVIARLAYQNQNGLS
MKQTIRKLPEIKAAGYQYKADAIEAHILTESSGKQLATRFDLSFYEHYIFGLNLKDQFIERGRATSFGLLQIEGQVYSVLGYVSPWSALRDPELNLPTGCGKLSKGWKKYAPSAVEGISAYGCITIKGGGGKLSLTVYVKNVNSFLKMIKNKAGQ
APADAQQIDSIGYDEIISQAGEKVGVPAQYLYGLHSQQTGLTDANASNLAGSGARGSMQAMGDTFIAYDADRDGDGVPNIDNAKDYITAEANGGDKLGSINNGLRSYGGNTPGVLDAALTKGFDQ
MYVLTKASAFPSNRQAAATPFLDLALPSGTLGSLEKLEALIREKAGRYSVDPSLVLSVVQAENGFTPNLAGSASAMGLMQLMPATASRLGTRNPYDFHQSIDAGLAYLRWMLDRYGGNTALALAAYNGGTGTVDQAGGPPWYRETPDAYQFVRRQRLNYTM
FSLQKLVSKPTNLNFKIALSSFLILFPSISNLIQFPIGLFGCKLNAYVNWHNTRLFIDHYRTTLNQAAKRYKIDEALLLAVIHAESGIDPQAASRTGAQGLMQLMPVTAKAYGLRNSDIPLQNISASSKNLARLQRAYSRDILLASAAYNAGEGKVKVYNGVPDSPEEEVIVGVVKILSQRELTAYTTLPFFVDTN
MSAAGRYAGLPTLTDRMDYGADAAAAQKYLADLLDDRDDDVLKLIATYNWGQNNVKTRARRKCTAYPAIGSVSETPAANTADIQIEFPASIASQ
MRLRHRAPTTTGDHTALIAGLTRMIAAPLGEFGTAVAAPDDTSTDTWDELAHCEDTGDGNADTGGYFSGVLTFTASTDESFGGTAYASSADEASKREQIKVAGKVQDQQGGIDFPACYTKGGWR
MGCGGSWSNAYTPVSAEVEASEPLIQDIALKYDIKVPVELLKAVMIQESGSRGLDAMDAAERSIGTPYGAEPSGWKDPEQSLRWGVKELKSAFISAEVENPSDAEHIKLAFQGYNFGNGYIKWAKSWYGIYSYANALE
GSDYQAGKLNEAFLSRLDILEKRQQQLVSSKDPHAYMYPSGLGDISTEGYYSSRFYAAAKHTLFTFIPTSEIITSYLKKHFPNLDQPTTAEELANQIIELTDALLIADRIFTGLVIKNSQFNINKVSPEGAVGSTSQQLIAVKLLMDQLGMTEKSKLIADQTAVDFFRAAVNKLIDNLDPSP
MSTLTFMDIFTRLISPRGVIVNDPRKPGGETNWGVTKRTAQVPGYQGNRRVMTYDDAFKLYRIANWRRYQCDKMPDAAANQFFDKAVFLGLGNSQRMLNLANNVTDDGIIGNMLIADIKKMNISDVQERLEDERLEFFEDLSTFKTFAKTDIRRLAGNLNYGAIDNEV
MVKLLRQRLSLAALLLFGGTAAAIQSRRSFHGRVRVEGWEQAIAEMSGQSGLGLESALAALVYSASRGRIDALAIVGARGLCQSKAATAALAAMRRERLGAPSTPEQALENGATYLREMMQQWQGDPLLAFLAYRMGRTRWSKGVEKAEGAEAWLEIYRRRKHSSWEYATWVLRYRNAVEEWGRLQARGDA
MDRAKFFAAVRSPLSVNMKATVQGIDAILDIAERRGVPMALLAEILTEAHIETGGTMSPESEILNYYTKRSTEVEPSRFDRLRAAKIYAGNQLKLANKVYIGRSTNTGDDEGWLVRYRGLAQITYRVNYLRGRFAGRPDLANVMPVAVGHLFDGNTIGIFTAYKLKDAAQNSGYRYTAYRAIVNDAVEANAANLEKVARAFLLAFRTSEYDAAAPASPAASGGFWAALGRMLLALLKGGKK
MAVRAGRQDLDSALLRGVAQEESGFRSCAVSPAGAMGLMQLMPFSASQMGVPNTFDPAANVNYGATWLKEVLVKYGGDLGRALTAYNAGPAKVDGAGGVPEIPLGQYYLAKILSTLGVSK
MSRIAQFVSDNILLSPVAHKILSVLGVATSTTVKVLVHPDRIDQHIKVVLVEQNLYNQSVVRIDSGAPLTQEVSGSDPTDAPQHDQQQAVSLVLALAGGDTAAVIGAAEQSSGNPRILQTTRDLLKHFSIRSLQQPLTDTTRSGDLLSEAAVLSLVRLYDWDYLEARDFSFCESGRGINARFINITTRDYSIGLFQTPLITDLARHRPNVVWLANPENNVVTRIKLGSRTEWGGTYFVAADLNSLP
MKSRWNQTLDIADLRGLLGIQQEKTQELNAVIAENDTYEQLVKPRQKGKLEANFNVPEVYQAIISKYADKNPISEALVKVLIKVQSSFNPHAVSKGGAKGLMQLMPVHLAVKGANPFTAETNVNIGMAYISRLLVKYGDIRLALATLNAGIKAVDKKGKIPPNKENQRYVESVMTMLRS
GADSVVDADLDGTSDWHVRESMLLGSTLFGSGNPNLQGDNGWKFGLQQIHLPAHPGVTATQAWNPGWAGRYMSLAYQSGAAAAPESLWQELPERSAEQAIVAAEAPAASVYAGRGAESVTAAWRATVGGLGGTAAEDRASPSGGGAGTQGTAEDAGLFTEGIGGGISVIGVPFAMIALPFTEIVRLWTWVWTNYSKVAIIAVGVFFFIPGIVFFSGINGL
MKALDALILAEILRHEGSWKAAVDDPAGATMFGLTGDTYPRWTPGATKAGLRALTDSEVAAIAKKGYWDADNPDALPAILDLVFFDGAILSSDSRGARWLWAVVGAAQALKVGGATIAAAEAYDTLTDQNRACTAGLAFARTLGTPPTFGKGWSRYVDSVESEWAEMAAEASPAGERAVYPPANTPAAFQTGFCAWLRRLFGGGHA
MMRSDLIAQIHLAANGEVVPVDVLSGILLVEFPGNTDAVRYAARWQWFLDPQKFATLIKFSVATEQTLDQTSRGLAQDLDRVAVESGYMGPLQRKCDPEQGILYGYKKIRWWLEKYGHNLSIAILCYNQGYPYKTGTGRFVNLDEYSNKIQYVKQLEAATKV
SPSRPFLLFLTTAAAKIFLRSGGACTLRGNGIDGAYGHVADGVCLTQWESLYRTMWKPTNRTTPGIFPINSYLCTSTPTLQANKRRGVRRLNDHDYHNQSNAHARQPP
YKALLKLLIQRIIFSHVCQLQMFVGVARLNFYHLVKHTGIAKLLILLAVLGLISLYPVLVSGMSFLQISLAVYVTSEEYKLARVVQSILKRFADVEKKDISTLTKTILRHAIDKKLAPKIVAAAIVVQSGGNPLEISEAKAVAVMQIIVPSWSSVVDFSEANPFDPEGSIIVGTTILATKIRHNKDLESSLRAYEGSIDRTQREVASKLMQIYHERVP
VSPVSVPYSQFLLYFCPLLSVSFYIPGLDSIATRMQELLGRFQGGNMIGQGGSSERFVATASNSSAGELAMGLTGNSSLNQPANETSTFSSQYAEMAAAVGRDFQVSPDFIREVIGAESGGRTDAISSRGAFGLLQLRPETLDRYGVDPESELQNLRGGIGYLKDMALQFGDLQQTVAAYNAGPGAVQRGGTDGPYQDTRGYINRIGQQLLDRDA
MILLKNPLSEGNDPLITNDWYIPAYVALAEDLIASGFDKKEAAAIVAAVWAEETFRHTAGTASGAYGLIQSRGDRLLAIKDYAKLLGRRISETQVQDWFLRVERKDDYKTNSSTDTGLIPSLPKGILNSPNFKVTMFKDAMKGFTNKGKALGYWTKSFRMESSELKRAKLSFTEKAFTIYDNL
SNQAFAKESNFKIQAGALDEYTTTVDNGSAGMKEGCPGSSPAYLKSGLVQESGFNIAVINQYRRRGLGGFGRPEAKEVGLYVGIAGSAGDSSLHLSKGSGSGTSA
IEFKDYLAAKRICNLSEIVVWPKEDHPATISGFVKTRYDILATLDVDIKGDFGGHTRYVIAQNYNYETNPSTLVYEQAKDVYGRRYWDKILFDLLPALLNIINFDEVVNHYSTNDSPFLQECLDFLGKDVDGNLGDISLRKCYSVCVRKYLIAALFLKVLYERERAFRVILARNPSQQKFLIGWENRVARLRNLVKSV
MATEILNLKDALMPKREDRVLNLLVSQVNELQARGVALVTQREWYLLLEKQAYKILYKKAWTTIQCESAEAETAQGMNSLAYSIFQFHDATFGAYKLQLGWPELPNYNAADQGKLAVRMWAEDKGYNWGQWKRLYDFADKI
MASLAGVKKGQRSSMNIEDKGQYNGVRIGAIISQYGRTMPGIMKYDNAPEFYSPFLGHTSLDVHLLCAIITYETNGLWDPELISLEGDMGIMQVMGQTGMPIAFEMHFNWVTPDESLLEPIHEIRIPARGLAAVTYESGVDGVLAARRVGEWRSRLWAKGGHRLETLPEDKQKLMNDIELQYEAYKSFKT
MAIALRQLCPQLSHQHIASKSSETIGSHVAANMSGQSNVYGNIANVKTTGASQRTAKPEGIKLAGVAASEKLATRDLKNMPIYKDLIVEIAGSYCIPISLVVAVISHESHAGTALKRPDGVHPNEFGLMQVLSGYHKGHRAWDSTEHIKQGGDPFSQKITDDAKVFPTVSKEQQLKGRRLASLKCILCNTPYTSKARMAMLLNQSLRSLTTSRLPY
MRTASLGLTLPRTTTRVALVSAVLVVPALALAATTTPDAPHRPARASHAPAPVVDAADLDDPLKKGIDMQLVSSSDNSSLDGTAQYYYISDYGDGRGATGWIVGFTSGTHDMRELYDLYTLRTPDNVKAKKLPALREADAGDTHDVLDPGAEEDLLKALRDPAFQKAQRGPRDRLLFDAHSRTSRDDGAQYVILENANLALHTPLNWKVYRDDYARD
MTKLILSAIIVVPIALSVFGAVASEDEPLRTSPALDVQEAASARWVREIVTPERVALIQERSAWLDQLVQSEGSYDPSAVNPSDLDGGPSYALLQFKPQTVLMYKERYGIAGELMDPQRIRVIRIRMLLDLLVVWEREFPACVRKGAPISKLTQHLSTYAIAQRVFTQLDEFGLM
MPDVQAQVLNLKPNTGANATRSLPVLNVSTGHILVNESKRFIAVIAQFGHESLQLRYTTELGNNAYLSSYDTNPGALRLGNEPQVDGDGQKYRYRGLIQIAGRANEEACGAWLGLTLVNEPGLLEANQWAAHSATWFWAVTGLNNLTRIGLFKKITQRINGGQRGATERWDGNDISLKVLR
MAVGTARSRPLRWIAAGLGLVLVVILAGLSGGGAAGAALPRAVNGEFDRIALGVVEGHMAQIRAAYENAEIGDNLVAAVNGMESVGRVDADGGVGNAGLMQQMPDAAVTAARALGLTEETRATLLGDARLNLKLGARIVAWTLEHEGGETERALVGYNAGRTQLRRWIASAGRYTLWLERKRRRGDSVVLAVAQSDLACRDFLLVDGKADPPSRPRDEDSRRRADS
MKKGLAVAVLATVLSLTSNAVATSNAQAGTVNWDAIAHCESSGPWTTNTNNTVQNVLQSLPSTWKVAGGVGSSTQATLAAQYNIATRVLVTQAIGYWAVCSAFALIPRSTVAPGTGIAVGLIHGIQLGGANLRRMCVGIVRQAPAVAALLNG
METKEELVEAIDAWVVEGDSYPPSLVGPDADLDQRIELLGARSPGTASAALRLVWAAILPQVQTNLEAQRLLRRLTPSTHLRRFRTGDALGPSLELRYYRGAQRRFGVRWKNLAAVIFVSSAFNKLRNESARGAAGMQATMPATWRAYGLPGSARDSHEAILGAASYLHATGAPRDLRAALLRYNPSAKYVKALIRYAPESPVNRRAFYEYYARQVFNPTAVGLRNIVGPGP
MIKLDSEIKILSGLEHNFDFYRVLHKTKFSLGETNTGIYQSAHLTLSIWNTINVVLKSESDYVKAGEILMKDSEWATKVKIIYKRIFWDKFKGDETNSSSIAYQLFIFGVNVNWKISIKEAQKLIGVAADGKLGTTTLQALNIYIEQIKRSLYDDVETAYYEYIDKNKPHLIHNLRGWLNRAKYVVNESFQDVREN
GVLVPGSDGAFQLREQENGFVIHFQGGDQAILLEHIRPAMPEQDSMSFLAEPESGQPSPRESSGSEEILNAIIQSAMRSGGTVAKRKAIMSVARDRTFYRANIEIESAYTPRAASHVGAIGLGNLMPASAATNGVNWDDAHQQIDGSARYQLRLLNPFGYQEIALRTWNLIPEAVSRHGGITPYLETQGLVADVAAVFSDLNGDLL
MMYVEMGKDTQQYAYNVFALKKIKSGEKAILFEDGYPALPKTWMPRRSERDITLTHALIRQESNFETRVKSTAGALGLMQVMPGTAGRTRVDIGLARPGNGVEAALSTPDYNIMIFTTYIEEALDRYNRIAAMARAAYNVGPSNTDRWREQMGDPRQAADYAMIRWPEGGPGYVGANNVARVIENQFVYPDRFAQNTQFVRLNSLP
MSRKSLEFLFERLLILLRLSPVVFRRHDRKNMKKLGNADMKEKNTYNLTMLCTGLSLVMLLLFGPAASADIFRYVQENGVICYTDDPEGKKACRPEFLRTEAVSVAQVVSKPRKSAYHQITHQLAAAYDIDPSLLRAVIYLESRWDVLRVSRYGARGAMQLMPPGASEMVVRDPY
ALLDDYFLRYAETVLHPAGLLYTGGANDKGGAVKFAVSLRFPKGLPVLKKDLDGAGQVFWPDVFGMTRSRVLFLFWRSAGRPLYFGAWTSPLAAVLLDTGVFGGRKSTVRKAQAACKAMGAAPAPLLKDGVVGQKTRAALLAACRYIAGAFAALLAWIAALLAHYDRLNATGAPDYTVNHKVWMRRVASLEAFVAGEPLSGEDQPWERTQVA
MTLKEFVGLLSHLPVVLADVKLDIDIPEEEVEAANVARDLPPAEVEVSNLTQVASIEEDKPDNTRAVVEVAKVAKIANQTDVNEVLSAIIKYSREIGISTDSMLLIAESESGLNFDAFNGPYGQLYQFIASTWQSSRNAMTSSDDPTLNFRIEAAVKTVAYKMSKLGFIAWPSCITI
MRDANAGLKTLLLVMGIIFLLVWAFLTYAEGAHGMVERDPPVVPQKVYGYIEAIADKNNLDFDNFYRLAAHYSGWKLYLGGGDGGKSYGLCQAHINTARSISGELSSIRGIAKRLSSPRKNLSSCAHNRRYLLDIYKGNWLAATQAYNAGCAHVRYVRAGVNEE
